Test Loss:   0.4,  Test Acc: 88.89%
Precision, Recall and F1-Score...
              precision    recall  f1-score   support

          宠物     1.0000    1.0000    1.0000         2
          知识     0.8333    1.0000    0.9091         5
          解说     0.3333    0.5000    0.4000         2
          游戏     1.0000    0.9231    0.9600        13
          娱乐     0.8333    0.7692    0.8000        13
         二次元     0.9231    0.9231    0.9231        13
          音乐     0.8750    0.8750    0.8750         8
          美食     1.0000    1.0000    1.0000         2
          体育     0.8750    0.8750    0.8750         8
          时尚     1.0000    1.0000    1.0000         6

    accuracy                         0.8889        72
   macro avg     0.8673    0.8865    0.8742        72
weighted avg     0.8981    0.8889    0.8920        72

Confusion Matrix...
[[ 2  0  0  0  0  0  0  0  0  0]
 [ 0  5  0  0  0  0  0  0  0  0]
 [ 0  0  1  0  0  0  0  0  1  0]
 [ 0  0  1 12  0  0  0  0  0  0]
 [ 0  1  0  0 10  1  1  0  0  0]
 [ 0  0  1  0  0 12  0  0  0  0]
 [ 0  0  0  0  1  0  7  0  0  0]
 [ 0  0  0  0  0  0  0  2  0  0]
 [ 0  0  0  0  1  0  0  0  7  0]
 [ 0  0  0  0  0  0  0  0  0  6]]